6830 6927
5244 5298
716 816
2080 2128
9156 9228
8164 8204
3795 3921
6813 6885
4717 4786
1663 1686
61 109
2345 2349
5743 5770
1703 1818
4729 4804
9412 9477
1857 1890
9723 9789
7565 7634
4024 4140
2840 2931
3275 3385
2100 2148
3807 3924
3602 3651
9800 9925
2297 2322
9500 9618
7991 8106
582 668
7556 7609
7309 7386
1083 1187
355 482
9261 9289
6779 6806
1332 1427
6607 6707
4385 4469
9054 9176
4069 4103
1636 1742
4795 4888
7437 7446
6325 6441
1330 1405
9622 9714
899 974
7582 7607
2594 2615
197 316
8791 8879
1068 1088
2492 2496
5805 5912
7266 7316
5603 5698
8753 8779
3022 3075
8451 8531
8823 8843
9456 9571
3031 3060
2745 2863
8473 8492
7941 8029
161 200
4558 4655
2303 2330
9258 9337
2503 2542
6495 6573
6731 6811
7062 7080
6789 6845
260 300
2254 2257
2327 2419
8550 8594
1551 1634
2798 2817
8181 8209
1798 1906
8627 8751
2778 2859
4670 4695
4174 4275
2281 2284
3701 3707
8568 8580
9105 9147
3438 3481
9317 9376
4424 4472
975 1045
9822 9832
3919 3956
3407 3503
4476 4500
7973 8096
8803 8804
5221 5335
9430 9461
2201 2327
2086 2097
5491 5619
9543 9544
3059 3076
2465 2554
7541 7569
4891 4938
6303 6382
2977 3016
3573 3657
8029 8098
8128 8144
9026 9153
9895 9964
1675 1684
2951 2984
6674 6770
2566 2620
1391 1411
8046 8078
3165 3282
9087 9165
3670 3786
7344 7437
9765 9848
5706 5803
2279 2280
6034 6070
6317 6381
449 560
895 1005
3454 3547
9323 9377
4179 4272
84 104
1851 1961
725 761
8484 8584
9781 9892
1622 1632
3199 3288
2812 2924
7845 7941
8000 8048
5873 5890
3018 3052
8196 8324
9505 9588
637 697
3876 3926
2732 2858
7457 7574
5229 5292
1497 1575
602 656
5683 5793
3590 3661
9424 9501
7463 7541
129 210
1631 1712
2733 2736
5738 5796
2977 2985
8326 8426
9987 10026
8593 8651
6758 6857
9860 9929
6073 6100
5875 5977
7361 7476
4909 4938
2072 2111
5764 5859
9036 9141
1670 1722
2109 2131
1201 1309
7928 7937
9727 9792
9812 9908
2247 2320
1996 2065
6850 6974
9801 9887
8082 8153
6631 6746
6195 6290
3964 3986
5186 5207
3735 3746
2273 2334
7508 7613
7313 7429
6063 6068
9008 9032
3463 3570
2645 2671
2968 3038
5771 5814
6950 7011
854 884
3070 3082
2980 3080
7887 7998
5499 5503
5403 5429
3598 3726
2857 2895
8806 8922
892 979
9405 9471
8747 8844
3139 3172
5433 5555
776 835
1044 1135
5349 5375
4951 4968
456 511
7837 7858
4566 4610
1052 1062
5882 5954
9918 10001
8659 8683
3203 3242
9911 10016
2265 2300
761 814
1977 2034
1269 1347
769 886
9090 9091
3646 3765
2990 3059
9170 9199
9977 10068
8370 8479
4141 4143
6455 6498
538 657
8390 8473
161 277
8669 8704
3828 3913
2682 2742
5565 5669
2830 2889
878 961
1182 1264
8755 8815
5962 6021
5442 5568
2311 2386
3675 3749
5813 5877
9526 9613
3816 3914
8972 8973
6054 6091
1438 1473
2130 2166
5546 5574
4903 4947
7773 7861
177 205
8746 8752
4892 4960
7596 7618
7063 7104
3431 3538
1411 1514
8270 8362
2826 2943
8920 9048
8099 8181
8886 8966
4919 4933
6057 6085
1917 1969
3371 3493
1874 1991
6266 6391
9316 9444
4580 4635
7486 7572
6672 6762
613 695
7118 7194
3246 3307
7197 7239
7212 7270
4850 4891
9538 9561
8899 8990
8300 8371
2397 2399
4895 4908
346 386
7922 7981
9281 9345
3987 4056
8245 8311
6598 6719
9705 9757
2538 2663
4350 4428
1461 1483
9223 9322
3791 3880
8433 8457
3595 3714
6726 6800
8666 8718
7855 7907
4039 4103
5112 5217
614 691
5956 6064
9013 9014
6512 6579
9925 9926
5986 6055
2068 2187
3791 3913
9341 9425
5738 5797
2800 2868
2232 2236
3080 3093
824 919
1749 1785
4730 4830
3597 3628
1547 1577
2146 2269
385 427
7831 7951
9704 9798
9566 9570
5917 5983
2586 2612
3756 3828
4710 4777
6464 6524
5369 5380
8278 8340
8876 8906
1592 1677
6364 6383
6890 6955
274 295
1080 1087
3314 3371
1927 1950
7906 7949
2367 2489
2077 2165
3486 3550
3240 3294
1768 1874
6055 6176
9793 9906
5945 6008
3521 3561
1182 1197
2068 2182
9296 9335
6993 7008
1861 1868
6904 6928
6174 6292
7172 7269
5130 5214
566 589
2171 2172
8063 8091
8756 8797
141 227
6703 6731
2119 2180
3679 3771
3164 3246
7982 8077
8000 8083
2159 2176
1982 2013
3754 3776
6285 6356
7021 7042
7100 7226
6679 6784
586 703
3236 3282
3087 3096
2153 2235
518 629
2751 2845
6176 6257
1334 1386
6791 6832
3806 3882
4967 5010
9653 9757
6529 6567
2398 2470
6514 6638
2223 2326
3648 3736
2068 2069
1739 1836
1568 1612
2976 3011
5848 5877
6004 6080
8919 8922
7061 7116
3428 3520
276 320
3088 3122
9676 9745
862 934
1445 1545
1318 1412
6089 6208
5545 5574
9849 9967
2871 2985
2472 2493
3637 3736
8347 8366
5805 5859
7737 7761
3182 3255
8628 8738
5490 5549
8120 8208
9417 9494
6796 6864
5152 5190
2890 2914
1740 1869
5345 5466
9210 9335
4810 4906
6658 6774
7449 7474
714 774
6841 6862
8069 8183
9677 9780
6488 6586
1534 1633
5779 5853
7450 7512
7997 8011
3807 3817
2350 2437
8698 8726
1918 1988
2208 2269
482 608
1048 1078
7793 7911
9572 9667
9121 9184
5170 5178
2666 2692
8889 8893
3366 3384
1402 1525
6531 6558
5516 5575
8959 9055
5379 5391
5076 5192
2420 2454
3039 3160
2319 2342
4396 4413
9628 9634
5679 5706
2255 2295
4830 4854
3773 3783
282 389
9842 9950
634 735
139 197
3106 3134
8191 8235
4335 4390
1977 2033
6532 6583
4051 4124
7798 7847
3621 3634
1384 1451
6830 6854
7619 7643
8816 8921
4840 4918
4607 4626
548 551
1837 1954
5109 5183
3816 3891
9648 9766
1611 1739
5987 6043
6106 6110
4780 4879
5235 5284
2848 2920
7778 7809
9815 9883
439 555
2048 2114
9454 9564
8210 8277
5748 5860
1390 1478
4657 4676
8509 8538
3340 3353
7622 7743
4034 4106
2641 2703
5815 5849
1414 1478
2029 2129
2839 2918
6262 6314
1291 1370
4762 4840
2362 2400
2074 2163
4188 4194
1173 1229
8889 8960
1944 2026
7241 7308
4175 4268
3391 3478
5945 6006
8204 8217
3859 3896
9616 9684
9023 9037
160 233
6239 6259
9501 9558
3917 4027
4175 4240
4364 4418
6096 6173
4348 4414
856 889
6442 6563
3122 3133
9615 9679
3187 3279
6692 6744
7763 7888
8567 8696
2046 2166
7545 7570
2485 2507
6947 6962
7998 8039
9813 9870
1000 1077
2073 2081
3430 3443
748 846
4229 4266
2877 2929
961 1082
5922 5930
9560 9616
7349 7357
9900 9948
4294 4338
7935 7952
473 520
1953 1955
9831 9865
4968 5082
2918 2957
6734 6781
5977 6002
8309 8418
8855 8912
7636 7642
6654 6746
3521 3578
9811 9885
1710 1792
10050 10062
3724 3756
6335 6378
6990 7022
8668 8784
5612 5708
2452 2461
7685 7777
3558 3620
215 245
9821 9874
9803 9858
2998 3113
8099 8121
7796 7885
8984 9023
7053 7086
494 582
770 781
1013 1096
6166 6191
3597 3608
5549 5582
9853 9884
638 702
4812 4883
1638 1666
5691 5771
9077 9148
9458 9524
561 595
3238 3336
4308 4316
4616 4693
827 941
8651 8687
7031 7040
2476 2541
4156 4224
8164 8228
6971 7040
2046 2102
9120 9180
8704 8731
3188 3283
5680 5747
6188 6278
2448 2514
1343 1373
209 264
5881 5921
9813 9895
145 178
9285 9286
5465 5589
8358 8444
7041 7100
1038 1146
9502 9583
7236 7267
665 723
2296 2372
9730 9767
2007 2096
6471 6476
6306 6428
7356 7378
2943 2965
2375 2444
6543 6640
3625 3662
7968 8096
8275 8311
2120 2152
888 936
6611 6623
3106 3151
2734 2823
5706 5718
1282 1298
9551 9632
8947 9021
4331 4443
6085 6089
6125 6213
9178 9242
2662 2789
8498 8606
3757 3770
1645 1761
9901 9938
2359 2470
9873 9913
1961 2018
6559 6596
8089 8165
9283 9284
3566 3682
3603 3693
5775 5827
5406 5412
8853 8938
2799 2856
6572 6648
5725 5851
4967 4981
9823 9921
4480 4506
3333 3344
8299 8418
3111 3228
2149 2256
8679 8764
3985 3998
4423 4546
8371 8436
147 155
1270 1278
6792 6828
8789 8850
5295 5392
7486 7491
3289 3366
3782 3895
3026 3046
5499 5520
6027 6052
2067 2118
6985 6988
9695 9752
5645 5766
4363 4421
7203 7302
3447 3523
3341 3360
7767 7782
8473 8602
6818 6907
4151 4168
5232 5324
4889 5004
58 113
8777 8808
9228 9357
9891 9898
6947 7010
8722 8809
8901 9018
9850 9934
8646 8660
4469 4515
9825 9933
2542 2671
4836 4965
9395 9452
7244 7252
6755 6840
6073 6127
1437 1555
1471 1517
5809 5841
2200 2201
9255 9347
3528 3644
4652 4781
9688 9697
405 501
6946 6969
2069 2185
6620 6700
9241 9364
2032 2092
1650 1699
551 650
3959 4019
5241 5335
6989 7090
361 488
2650 2738
9764 9874
4530 4550
2550 2676
4721 4770
5518 5532
3893 3969
7079 7134
8343 8431
4008 4028
1020 1131
3789 3903
191 284
6795 6905
5225 5329
8265 8323
3141 3157
1221 1295
9891 10018
3756 3810
2042 2066
2563 2652
6856 6903
5485 5557
6999 7123
6806 6906
2381 2431
8282 8286
4887 4930
2796 2872
3880 3981
2303 2314
1844 1849
2178 2301
4245 4318
2330 2457
4687 4765
1661 1706
8769 8858
5885 5909
3671 3709
3184 3189
781 797
3104 3171
2354 2378
6095 6155
4077 4082
9596 9631
1239 1316
8017 8023
1063 1082
2688 2758
7145 7247
515 614
6463 6548
1342 1416
1324 1410
9918 10020
8126 8243
3759 3786
3906 4013
7465 7512
526 557
5072 5194
2970 3081
9382 9459
8177 8254
5157 5233
5073 5177
1514 1535
5919 5963
8636 8718
8406 8485
5610 5663
7427 7540
2789 2862
5882 5983
7402 7412
655 755
7650 7716
5718 5832
1072 1078
4885 4934
6908 6923
5905 6003
8360 8420
820 841
1996 2114
9488 9510
495 565
4890 4941
3022 3127
9205 9320
823 908
8084 8152
7222 7324
4354 4448
9752 9830
8560 8629
2096 2193
8580 8669
8864 8892
1334 1382
9321 9395
565 600
9566 9627
1275 1327
1843 1886
565 645
3398 3448
5316 5374
405 414
736 790
6791 6919
3180 3259
8225 8349
7529 7551
4828 4944
8925 9033
2666 2793
3591 3673
1863 1872
7684 7813
5829 5839
3735 3830
8004 8088
5758 5822
8409 8496
4708 4810
5298 5352
5678 5691
4064 4168
1438 1485
19 58
1447 1530
5295 5311
5066 5075
6534 6651
3350 3477
9589 9710
1593 1633
6396 6479
3554 3606
3176 3228
3144 3172
2495 2586
4782 4789
9821 9875
6733 6829
2579 2588
825 843
21 39
7932 8007
9406 9437
573 596
227 246
4395 4503
2867 2947
2596 2613
1530 1544
889 948
7986 8054
3971 4078
249 369
3482 3524
4965 5035
2919 2985
6048 6137
1193 1211
9173 9187
6243 6316
1776 1905
7765 7892
9911 9951
1007 1122
4689 4801
3933 4031
4208 4299
6406 6482
8775 8882
8740 8869
8437 8537
6003 6132
5984 6055
8908 8965
6417 6429
8232 8260
1137 1231
5025 5104
2190 2317
6457 6529
3272 3370
9147 9205
3812 3869
2843 2970
9503 9568
2763 2799
3167 3281
9861 9962
1776 1898
939 978
3188 3309
6172 6255
9711 9781
264 317
6362 6466
9123 9249
4890 5018
2026 2090
5542 5625
9417 9512
3871 3904
3527 3567
5799 5817
1598 1663
5018 5031
3039 3152
3244 3361