53362
95122
11215
69494
10788
61510
83176
29935
12171
71962
54073
10540
39398
51154
29316
20745
48045
73087
67226
15764
66105
84241
50984
67799
48356
23330
67297
42545
95247
68393
10035
89321
70508
74207
19886
37764
797
54168
53
16928
7472
6251
16723
15826
93423
95773
77164
57589
70641
48500
35586
29201
22117
3786
11304
22314
48098
8174
70501
71
39757
57857
76637
89918
43720
58444
68363
23719
70481
76198
98778
42806
20673
63563
41801
24924
31203
50985
90537
60739
65665
18934
14562
8231
40819
30912
49692
18358
56058
59583
81757
46497
71549
69666
62923
43927
22362
54696
42708
79376
4642
4728
31790
23578
53185
64252
56911
23637
86832
85689
89567
75518
3610
49269
41286
37043
9899
74919
22774
9454
93360
35426
59511
45879
79797
66375
32560
24992
89261
72241
72294
89501
77689
12203
46527
76093
28822
59086
74883
76788
72496
57338
47962
90034
28523
32001
23079
38069
84811
50028
18364
26000
39218
26544
94020
13263
64855
15877
55877
66404
11244
35374
18208
63858
23135
19499
44060
89109
16288
86148
59138
1975
1876
97535
4011
53064
17436
52073
2853
82126
44232
31420
88851
21995
84958
75426
57796
8049
42540
37910
93154
75242
6508
5735
50869
23884
73651
41888
61761
34731
85683
13338
93353
81549
97878
86389
74936
84495
71288
63093
46049
34038
39578
94054
48081
61151
23681
64700
25082
91493
53987
67460
29680
60652
8995
30491
46199
53195
94517
3912
49032
43605
69455
62137
639
8638
61695
44643
49166
75307
94878
32220
34155
64499
9222
98421
71686
3901
56226
87397
63531
55960
67903
93435
89242
38101
3582
96356
79766
23305
58727
52208
70348
66647
47444
75345
20105
65024
92251
71234
90124
14564
37064
82105
55106
65167
24027
73808
74778
2748
42018
31738
47131
37466
42100
11228
87369
44135
1214
59158
51057
40002
70141
96271
97796
50271
75573
41768
76637
95495
70891
93630
52732
95179
95486
47502
4360
45897
27491
25052
20393
99385
67565
89115
55595
78813
72196
37341
87460
95743
23220
47845
95674
99950
23819
29982
90920
22487
1904
79259
43089
59546
44722
85756
75011
96772
24357
92341
43245
56124
15426
50776
77467
50050
74478
62158
30233
72545
64968
3368
45320
96318
46501
27576
18246
24223
31326
32474
70535
51860
29204
86248
97720
18764
65201
96848
50271
77840
48748
17402
39436
61431
19726
38725
78645
30113
81212
93506
28208
53828
44661
31068
1888
48910
60091
20835
6041
43013
76667
36084
99264
43565
19969
15160
34420
1408
13200
1864
80284
43743
79358
11981
49571
24355
14626
75836
79213
3535
31078
63618
99127
2334
48117
10680
29536
66969
18576
80853
43843
8288
33154
92289
21918
14053
99893
73048
71167
10200
50759
51733
71655
21121
23842
44114
78892
37510
42448
18916
59243
7202
83149
80513
42944
22227
46945
76450
37000
9842
66163
59374
29748
43628
14477
21579
30426
92139
72278
88295
48686
5051
96493
13246
52883
32386
35122
21859
28143
72327
72177
34836
25926
66619
40889
64209
98500
21895
98891
11635
48682
16675
63394
74508
33098
72002
11376
13952
57135
64539
91663
39344
6761
87014
99415
73809
39344
52927
88701
75535
86334
15794
55450
96265
9626
19183
82580
36727
88554
27437
78828
8791
40456
80150
1304
36646
46477
48336
29731
88276
82210
38566
28458
89316
91594
84935
56563
95145
76313
66965
14196
37813
78041
61734
35746
52682
98640
40988
75399
53641
81679
88158
30824
19278
7210
42332
44686
97606
39511
16575
44192
16350
70113
51645
11155
65432
3222
62053
14188
64354
93612
18493
11309
58712
35964
45172
30432
1815
83843
24582
21590
61964
55501
3884
35800
24174
73642
11295
78447
89768
93281
95541
282
20888
81008
7581
48170
29482
48391
56900
99525
84976
15860
24678
35103
49833
13322
26081
75600
64811
15920
24769
48384
5420
77471
81974
57613
81918
54344
27653
69717
73770
8114
42503
77481
63637
347
39793
88634
36172
66929
86167
12206
89720
90368
48138
36362
32136
86399
61982
2927
77274
47482
37963
38861
98194
34438
84591
41600
3215
66747
30608
57790
17458
12122
58963
35296
96221
12551
52185
52962
11375
15761
73411
33716
89572
46862
90613
26753
12053
14311
78579
70519
62480
15208
8835
20882
37350
36566
24036
21708
76230
9328
84991
38862
75305
41371
45586
35640
26111
42692
30041
70673
79827
44663
84166
25351
31545
57009
31662
86766
471
47462
79095
41204
96125
52985
19077
77246
97726
89239
13705
28622
70123
69714
61045
12057
958
20940
3407
27579
26150
14826
21130
2097
63841
2769
67298
39562
35077
34932
98909
28614
99587
64752
97621
93054
68181
75057
31990
11557
43525
75126
47819
83750
28630
97183
83040
8417
68944
69820
33591
5454
9589
9649
12731
75688
23719
45776
21250
49433
34801
47644
52542
56751
66046
72279
95686
38781
79655
10614
86654
26090
27530
98199
73939
15257
55304
79358
64397
84708
56513
303
9789
66982
77433
18406
13789
78308
38492
97627
47143
18324
30901
90993
71142
77409
57780
73908
31424
93073
78600
44523
78976
66552
39792
96466
45024
57574
13967
713
34888
86508
6201
62789
29935
98683
746
17244
69594
11245
40532
49149
38308
10996
49496
31667
59858
78107
76306
67652
72939
98676
46377
64021
38118
24686
28554
48781
49326
64904
83992
11753
37225
39489
82014
1682
43658
84407
84472
95869
27656
98128
90351
69733
44669
40087
43052
28708
46231
66206
17058
15698
39639
74143
33707
55457
387
27045
78484
46190
77223
67801
11101
23682
13851
61222
52842
67098
85252
26572
37534
6298
94432
15255
18870
29291
68841
37989
8304
13690
64190
71485
57904
3552
12283
63809
47656
32719
71314
49813
37351
47747
88283
91041
26980
6221
31164
60813
63367
53983
14472
20598
77343
90423
89141
90617
99436
20330
49065
51761
33635
54933
7169
92216
56388
65341
93832
18569
56584
18911
40346
7021
60948
74343
71513
31505
62261
54469
35362
90546
28090
90597
94196
21801
69514
18939
42863
92263
31560
56910
46410
48521
77063
14483
673
4229
88930
89758
68349
17477
88243
56024
26495
25165
70844
83571
38024
74731
9602
67460
75926
25047
68140
88266
83015
20970
11253
92370
33164
34124
12314
28913
66456
94113
25651
19461
51366
85605
15792
52827
9735
27609
71940
29719
95226
62990
59482
52152
14018
63988
71758
11927
41846
3668
56700
17858
61718
51841
50056
79569
86818